free_thresh: 0.196
gps_origin: [52.404434, 4.863055]
image: coenhaven.png
map_bottom: 5798303
map_left: 622457
map_right: 632457
map_top: 5810803
negate: 0
occupied_thresh: 0.65
origin: [-500.0, -500.0, 0.0]
resolution: 0.5
